103070297
103070124
103070122
103082854
103070178
103076312
103070226
103070155
103070131
103083622
103070111
103097629
103091544
103101956
103070151
103079552
103070220
103094840
103078917
103070248
103075274
103070114
103095010
103074166
103094723
103116900
103090440
103093641
103094732
103106943
103085051
103089841
103095130
103081948
103076072
103095247
103087593
103086111
103073530
103081104
103070121
103070135
103072713
103072129
103114241
103070326
103094714
103070884
103070747
103096129
103086280
103092373
103089059
103095192
103094657
103117019
103096332
103079471
103095046
103110008
103102509
103094493
103082555
103082482
103070187
103072611
103095635
103109222
103106214
103091362
103110751
103094775
103090966
103090549
103070120
103078905
103094037
103094948
103103442
103083614
103080311
103083370
103096484
103095788
103099368
103075049
103085001
103109195
103104012
103074113
103082508
103094897
103070176
103084420
103095405
103070090
103082451
103102761
103070132
103094666
103074822
103093350
103085618
103095814
103095012
103070161
103109898
103107137
103115809
103095276
103087730
103087801
103070985
103094792
103089816
103084256
103108347
103112301
103111298
103093933
103095034
103078312
103105940
103084093
103074835
103120913
103086428
103105308
103095047
103075495
103070186
103098561
103076933
103082302
103070268
103091347
103100771
103083400
103088713
103080258
103116680
103114929
103080482
103112082
103071583
103086813
103084306
103080286
103105945
103108218
103071938
103114941
103070335
103104328
103114312
103115128
103104609
103098852
103085619
103085664
103096699
103084409
103086526
103115870
103095945
103094700
103118608
103078111
103094971
103096661
103102845
103082163
103087758
103087015
103102824
103119066
103094761
103086977
103070152
103072550
103080221
103070162
103103751
103088874
103086656
103111305
103089880
103088987
103072377
103098400
103117578
103094434
103108348
103086244
103094167
103107345
103095363
103096189
103089323
103086346
103070297
103070124
103070122
103082854
103070178
103076312
103070226
103070155
103070131
103083622
103070111
103097629
103091544
103101956
103070151
103079552
103070220
103094840
103078917
103070248
103075274
103070114
103095010
103074166
103094723
103116900
103090440
103093641
103094732
103106943
103085051
103089841
103095130
103081948
103076072
103095247
103087593
103086111
103073530
103081104
103070121
103070135
103072713
103072129
103114241
103070326
103094714
103070884
103070747
103096129
103070297
103070124
103070122
103082854
103070178
103076312
103070226
103070155
103070131
103083622
103070111
103097629
103091544
103101956
103070151
103079552
103070220
103094840
103078917
103070248
103075274
103070114
103095010
103074166
103094723
103116900
103090440
103093641
103094732
103106943
103085051
103089841
103095130
103081948
103076072
103095247
103087593
103086111
103073530
103081104
103070121
103070135
103072713
103072129
103114241
103070326
103094714
103070884
103070747
103096129
103070297
103070124
103070122
103082854
103070178
103076312
103070226
103070155
103070131
103083622
103070111
103097629
103091544
103101956
103070151
103079552
103070220
103094840
103078917
103070248
103075274
103070114
103095010
103074166
103094723
103116900
103090440
103093641
103094732
103106943
103085051
103089841
103095130
103081948
103076072
103095247
103087593
103086111
103073530
103081104
103070121
103070135
103072713
103072129
103114241
103070326
103094714
103070884
103070747
103096129
103070297
103070124
103070122
103082854
103070178
103076312
103070226
103070155
103070131
103083622
103070111
103097629
103091544
103101956
103070151
103079552
103070220
103094840
103078917
103070248
103075274
103070114
103095010
103074166
103094723
103116900
103090440
103093641
103094732
103106943
103085051
103089841
103095130
103081948
103076072
103095247
103087593
103086111
103073530
103081104
103070121
103070135
103072713
103072129
103114241
103070326
103094714
103070884
103070747
103096129
103070297
103070124
103070122
103082854
103070178
103076312
103070226
103070155
103070131
103083622
103070111
103097629
103091544
103101956
103070151
103079552
103070220
103094840
103078917
103070248
103075274
103070114
103095010
103074166
103094723
103116900
103090440
103093641
103094732
103106943
103085051
103089841
103095130
103081948
103076072
103095247
103087593
103086111
103073530
103081104
103070121
103070135
103072713
103072129
103114241
103070326
103094714
103070884
103070747
103096129
